XY
	CURVE (PWRDISCHARGE_#1.DTA)
-1.114e-004	2.700e-001
-2.227e-004	2.068e-001
-3.341e-004	1.974e-001
-4.454e-004	1.946e-001
-5.568e-004	1.933e-001
-6.682e-004	1.925e-001
-7.795e-004	1.921e-001
-8.909e-004	1.915e-001
-1.002e-003	1.911e-001
-1.114e-003	1.901e-001
-1.225e-003	1.889e-001
-1.336e-003	1.878e-001
-1.448e-003	1.871e-001
-1.559e-003	1.862e-001
-1.670e-003	1.848e-001
-1.782e-003	1.835e-001
-1.893e-003	1.818e-001
-2.005e-003	1.799e-001
-2.116e-003	1.783e-001
-2.227e-003	1.771e-001
-2.339e-003	1.752e-001
-2.450e-003	1.735e-001
-2.561e-003	1.722e-001
-2.673e-003	1.710e-001
-2.784e-003	1.694e-001
-2.895e-003	1.680e-001
-3.007e-003	1.667e-001
-3.118e-003	1.647e-001
-3.229e-003	1.620e-001
-3.341e-003	1.605e-001
-3.452e-003	1.595e-001
-3.564e-003	1.587e-001
-3.675e-003	1.575e-001
-3.786e-003	1.564e-001
-3.898e-003	1.544e-001
-4.009e-003	1.523e-001
-4.120e-003	1.506e-001
-4.232e-003	1.476e-001
-4.343e-003	1.455e-001
-4.454e-003	1.447e-001
-4.566e-003	1.437e-001
-4.677e-003	1.420e-001
-4.789e-003	1.406e-001
-4.900e-003	1.391e-001
-5.011e-003	1.377e-001
-5.123e-003	1.357e-001
-5.234e-003	1.345e-001
-5.345e-003	1.338e-001
-5.457e-003	1.321e-001
-5.568e-003	1.301e-001
-5.679e-003	1.265e-001
-5.791e-003	1.243e-001
-5.902e-003	1.229e-001
-6.013e-003	1.218e-001
-6.125e-003	1.203e-001
-6.236e-003	1.185e-001
-6.348e-003	1.163e-001
-6.459e-003	1.136e-001
-6.570e-003	1.124e-001
-6.682e-003	1.116e-001
-6.793e-003	1.099e-001
-6.904e-003	1.076e-001
-7.016e-003	1.067e-001
-7.127e-003	1.066e-001
-7.238e-003	1.055e-001
-7.350e-003	1.039e-001
-7.461e-003	1.029e-001
-7.573e-003	1.020e-001
-7.684e-003	1.005e-001
-7.795e-003	9.866e-002
-7.907e-003	9.681e-002
-8.018e-003	9.290e-002
-8.129e-003	8.878e-002
-8.241e-003	8.766e-002
-8.352e-003	8.742e-002
-8.463e-003	8.690e-002
-8.575e-003	8.586e-002
-8.686e-003	8.395e-002
-8.797e-003	8.175e-002
-8.909e-003	7.856e-002
-9.020e-003	7.686e-002
-9.132e-003	7.596e-002
-9.243e-003	7.478e-002
-9.354e-003	7.296e-002
-9.466e-003	7.117e-002
-9.577e-003	6.903e-002
-9.688e-003	6.720e-002
-9.800e-003	6.594e-002
-9.911e-003	6.464e-002
-1.002e-002	6.363e-002
-1.013e-002	6.187e-002
-1.025e-002	5.863e-002
-1.036e-002	5.447e-002
-1.047e-002	5.360e-002
-1.058e-002	5.325e-002
-1.069e-002	5.301e-002
-1.080e-002	5.284e-002
-1.084e-002	5.134e-002
-1.091e-002	5.029e-002
-1.102e-002	5.001e-002
-1.113e-002	4.998e-002
-1.124e-002	4.998e-002
-1.135e-002	4.999e-002
-1.146e-002	4.995e-002
-1.157e-002	4.995e-002
-1.167e-002	4.991e-002
-1.178e-002	4.989e-002
-1.188e-002	4.990e-002
-1.199e-002	5.003e-002
-1.209e-002	4.999e-002
-1.220e-002	4.998e-002
-1.230e-002	4.996e-002
-1.241e-002	4.996e-002
-1.251e-002	4.994e-002
-1.262e-002	4.993e-002
-1.272e-002	4.995e-002
-1.282e-002	4.998e-002
-1.293e-002	4.992e-002
-1.303e-002	4.986e-002
-1.313e-002	5.000e-002
-1.323e-002	5.000e-002
-1.333e-002	4.999e-002
-1.343e-002	4.999e-002
-1.353e-002	4.998e-002
-1.363e-002	4.991e-002
-1.373e-002	4.993e-002
-1.383e-002	4.997e-002
-1.392e-002	4.999e-002
-1.402e-002	4.995e-002
-1.412e-002	4.997e-002
-1.422e-002	4.996e-002
-1.432e-002	4.994e-002
-1.442e-002	4.995e-002
-1.451e-002	4.995e-002
-1.461e-002	4.995e-002
-1.470e-002	4.997e-002
-1.480e-002	4.992e-002
-1.489e-002	4.989e-002
-1.499e-002	4.987e-002
-1.508e-002	4.996e-002
-1.517e-002	5.001e-002
-1.526e-002	5.000e-002
-1.535e-002	4.999e-002
-1.544e-002	4.997e-002
-1.553e-002	4.996e-002
-1.562e-002	4.995e-002
-1.572e-002	4.994e-002
-1.581e-002	4.995e-002
-1.590e-002	4.998e-002
-1.599e-002	4.997e-002
-1.608e-002	4.994e-002
-1.617e-002	4.996e-002
-1.625e-002	4.993e-002
-1.634e-002	4.992e-002
-1.643e-002	4.995e-002
-1.652e-002	4.996e-002
-1.660e-002	4.994e-002
-1.669e-002	4.999e-002
-1.677e-002	4.993e-002
-1.686e-002	4.995e-002
-1.694e-002	4.994e-002
-1.703e-002	4.997e-002
-1.711e-002	4.995e-002
-1.719e-002	4.993e-002
-1.728e-002	4.995e-002
-1.736e-002	4.992e-002
-1.744e-002	4.998e-002
-1.752e-002	5.000e-002
-1.760e-002	4.995e-002
-1.768e-002	4.997e-002
-1.776e-002	4.996e-002
-1.784e-002	4.998e-002
-1.792e-002	4.995e-002
-1.800e-002	4.993e-002
-1.808e-002	4.994e-002
-1.816e-002	4.992e-002
-1.823e-002	4.994e-002
-1.831e-002	4.994e-002
-1.839e-002	4.997e-002
-1.846e-002	4.999e-002
-1.854e-002	4.995e-002
-1.862e-002	5.001e-002
-1.869e-002	4.988e-002
-1.876e-002	4.989e-002
-1.884e-002	5.001e-002
-1.891e-002	4.995e-002
-1.898e-002	4.998e-002
-1.906e-002	5.001e-002
-1.913e-002	4.995e-002
-1.920e-002	4.995e-002
-1.928e-002	4.998e-002
-1.935e-002	4.995e-002
-1.942e-002	4.996e-002
-1.949e-002	4.995e-002
-1.956e-002	4.992e-002
-1.963e-002	4.991e-002
-1.970e-002	4.992e-002
-1.977e-002	4.995e-002
-1.984e-002	4.996e-002
-1.991e-002	4.995e-002
-1.997e-002	4.996e-002
-2.004e-002	4.991e-002
-2.010e-002	5.002e-002
-2.017e-002	4.998e-002
-2.024e-002	4.991e-002
-2.030e-002	4.994e-002
-2.036e-002	4.996e-002
-2.043e-002	4.995e-002
-2.049e-002	5.004e-002
-2.055e-002	4.995e-002
-2.062e-002	5.003e-002
-2.068e-002	4.998e-002
-2.075e-002	4.984e-002
-2.081e-002	4.997e-002
-2.087e-002	4.996e-002
-2.093e-002	4.996e-002
-2.100e-002	4.996e-002
-2.106e-002	5.000e-002
-2.112e-002	4.995e-002
-2.118e-002	4.995e-002
-2.124e-002	4.997e-002
-2.130e-002	4.999e-002
-2.136e-002	4.994e-002
-2.142e-002	5.000e-002
-2.148e-002	4.994e-002
-2.154e-002	4.988e-002
-2.160e-002	4.979e-002
-2.165e-002	4.996e-002
-2.171e-002	5.007e-002
-2.176e-002	4.998e-002
-2.182e-002	5.004e-002
-2.188e-002	4.998e-002
-2.193e-002	5.002e-002
-2.199e-002	4.994e-002
-2.205e-002	4.987e-002
-2.210e-002	4.999e-002
-2.216e-002	4.996e-002
-2.222e-002	4.995e-002
-2.227e-002	4.993e-002
-2.233e-002	4.994e-002
-2.238e-002	4.995e-002
-2.243e-002	5.002e-002
-2.249e-002	5.001e-002
-2.254e-002	4.992e-002
-2.260e-002	4.991e-002
-2.265e-002	4.996e-002
-2.270e-002	5.000e-002
-2.275e-002	4.996e-002
-2.281e-002	4.994e-002
-2.286e-002	4.993e-002
-2.291e-002	4.998e-002
-2.296e-002	4.997e-002
-2.301e-002	4.984e-002
-2.306e-002	4.996e-002
-2.311e-002	5.001e-002
-2.316e-002	5.005e-002
-2.321e-002	4.991e-002
-2.325e-002	4.994e-002
-2.330e-002	4.996e-002
-2.335e-002	4.995e-002
-2.340e-002	4.997e-002
-2.345e-002	5.001e-002
-2.350e-002	4.996e-002
-2.354e-002	4.991e-002
-2.359e-002	4.995e-002
-2.363e-002	4.997e-002
-2.368e-002	4.998e-002
-2.373e-002	4.995e-002
-2.377e-002	5.003e-002
-2.382e-002	4.992e-002
-2.387e-002	5.002e-002
-2.391e-002	4.999e-002
-2.396e-002	4.998e-002
-2.401e-002	4.996e-002
-2.406e-002	4.995e-002
-2.410e-002	4.994e-002
-2.415e-002	4.997e-002
-2.419e-002	4.997e-002
-2.424e-002	4.986e-002
-2.428e-002	4.993e-002
-2.432e-002	4.999e-002
-2.436e-002	5.001e-002
-2.441e-002	4.994e-002
-2.445e-002	5.001e-002
-2.449e-002	4.997e-002
-2.454e-002	4.997e-002
-2.458e-002	4.994e-002
-2.462e-002	5.000e-002
-2.467e-002	4.994e-002
-2.471e-002	4.999e-002
-2.475e-002	4.996e-002
-2.479e-002	4.994e-002
-2.483e-002	4.993e-002
-2.487e-002	4.995e-002
-2.491e-002	4.986e-002
-2.495e-002	4.991e-002
-2.499e-002	5.005e-002
-2.503e-002	5.003e-002
-2.507e-002	5.000e-002
-2.511e-002	4.995e-002
-2.514e-002	4.994e-002
-2.518e-002	4.999e-002
-2.522e-002	4.999e-002
-2.526e-002	4.992e-002
-2.530e-002	5.003e-002
-2.534e-002	4.994e-002
-2.538e-002	4.996e-002
-2.542e-002	4.992e-002
-2.545e-002	4.991e-002
-2.549e-002	4.999e-002
-2.553e-002	5.000e-002
-2.556e-002	4.997e-002
-2.560e-002	4.996e-002
-2.564e-002	4.997e-002
-2.567e-002	4.997e-002
-2.571e-002	4.998e-002
-2.575e-002	4.998e-002
-2.579e-002	4.997e-002
-2.582e-002	4.994e-002
-2.586e-002	4.995e-002
-2.590e-002	4.996e-002
-2.593e-002	4.998e-002
-2.597e-002	4.996e-002
-2.600e-002	4.995e-002
-2.604e-002	4.992e-002
-2.607e-002	4.996e-002
-2.610e-002	4.996e-002
-2.614e-002	4.997e-002
-2.617e-002	4.998e-002
-2.620e-002	4.999e-002
-2.624e-002	4.995e-002
-2.627e-002	4.997e-002
-2.630e-002	4.993e-002
-2.634e-002	4.993e-002
-2.637e-002	4.999e-002
-2.640e-002	5.000e-002
-2.643e-002	4.996e-002
-2.647e-002	4.999e-002
-2.650e-002	4.994e-002
-2.653e-002	4.991e-002
-2.656e-002	4.997e-002
-2.659e-002	5.000e-002
-2.662e-002	4.998e-002
-2.665e-002	4.996e-002
-2.668e-002	4.996e-002
-2.671e-002	4.995e-002
-2.674e-002	4.998e-002
-2.677e-002	4.996e-002
-2.680e-002	4.995e-002
-2.683e-002	4.995e-002
-2.686e-002	4.996e-002
-2.689e-002	4.995e-002
-2.692e-002	4.996e-002
-2.695e-002	4.998e-002
-2.698e-002	4.997e-002
-2.700e-002	4.998e-002
-2.703e-002	4.995e-002
-2.706e-002	4.996e-002
-2.709e-002	4.996e-002
-2.712e-002	4.997e-002
-2.714e-002	4.997e-002
-2.717e-002	4.994e-002
-2.720e-002	4.994e-002
-2.722e-002	4.994e-002
-2.725e-002	4.996e-002
-2.727e-002	4.995e-002
-2.730e-002	4.996e-002
-2.732e-002	4.997e-002
-2.735e-002	4.998e-002
-2.737e-002	4.997e-002
-2.739e-002	4.996e-002
-2.742e-002	4.996e-002
-2.744e-002	4.994e-002
-2.746e-002	4.996e-002
-2.749e-002	4.999e-002
-2.751e-002	4.997e-002
-2.753e-002	4.994e-002
-2.755e-002	4.994e-002
-2.758e-002	4.997e-002
-2.760e-002	4.999e-002
-2.762e-002	4.999e-002
-2.764e-002	5.001e-002
-2.766e-002	4.998e-002
-2.769e-002	4.995e-002
-2.771e-002	4.991e-002
-2.773e-002	4.996e-002
-2.775e-002	4.995e-002
-2.777e-002	4.997e-002
-2.779e-002	4.997e-002
-2.781e-002	4.998e-002
-2.783e-002	4.998e-002
-2.785e-002	4.997e-002
-2.787e-002	4.997e-002
-2.789e-002	4.995e-002
-2.791e-002	4.997e-002
-2.793e-002	4.996e-002
-2.795e-002	4.996e-002
-2.797e-002	4.996e-002
-2.799e-002	4.995e-002
-2.801e-002	4.995e-002
-2.802e-002	4.995e-002
-2.804e-002	4.994e-002
-2.806e-002	4.995e-002
-2.807e-002	4.998e-002
-2.809e-002	4.997e-002
-2.811e-002	4.996e-002
-2.812e-002	4.995e-002
-2.814e-002	4.996e-002
-2.815e-002	4.996e-002
-2.817e-002	4.996e-002
-2.818e-002	4.996e-002
-2.820e-002	4.996e-002
-2.821e-002	4.996e-002
-2.822e-002	4.997e-002
-2.824e-002	4.998e-002
-2.825e-002	4.997e-002
-2.827e-002	4.996e-002
-2.828e-002	4.996e-002
-2.829e-002	4.997e-002
-2.831e-002	4.996e-002
-2.832e-002	4.997e-002
-2.833e-002	4.999e-002
-2.835e-002	4.998e-002
-2.836e-002	4.996e-002
-2.837e-002	4.996e-002
-2.839e-002	4.997e-002
-2.840e-002	4.997e-002
-2.841e-002	4.997e-002
-2.843e-002	4.996e-002
-2.844e-002	4.997e-002
-2.845e-002	4.996e-002
-2.846e-002	4.994e-002
-2.847e-002	4.994e-002
-2.848e-002	4.995e-002
-2.849e-002	4.998e-002
-2.851e-002	4.999e-002
-2.852e-002	4.998e-002
-2.853e-002	4.997e-002
-2.854e-002	4.996e-002
-2.855e-002	4.996e-002
-2.856e-002	4.997e-002
-2.857e-002	4.996e-002
-2.858e-002	4.997e-002
-2.859e-002	4.998e-002
-2.860e-002	4.996e-002
-2.861e-002	4.997e-002
-2.862e-002	4.996e-002
-2.862e-002	4.996e-002
-2.863e-002	4.996e-002
-2.864e-002	4.998e-002
-2.865e-002	4.997e-002
-2.866e-002	4.997e-002
-2.867e-002	4.997e-002
-2.868e-002	4.997e-002
-2.869e-002	4.996e-002
-2.869e-002	4.997e-002
-2.870e-002	4.997e-002
-2.871e-002	4.997e-002
-2.872e-002	4.997e-002
-2.873e-002	4.997e-002
-2.873e-002	4.997e-002
-2.874e-002	4.997e-002
-2.875e-002	4.997e-002
-2.876e-002	4.997e-002
-2.876e-002	4.996e-002
-2.877e-002	4.997e-002
-2.878e-002	4.997e-002
-2.879e-002	4.997e-002
-2.879e-002	4.997e-002
-2.880e-002	4.997e-002
-2.880e-002	4.997e-002
-2.881e-002	4.997e-002
-2.882e-002	4.997e-002
-2.882e-002	4.997e-002
-2.883e-002	4.997e-002
-2.883e-002	4.997e-002
-2.884e-002	4.997e-002
-2.885e-002	4.997e-002
-2.885e-002	4.997e-002
-2.886e-002	4.997e-002
-2.886e-002	4.997e-002
-2.887e-002	4.997e-002
-2.887e-002	4.997e-002
-2.888e-002	4.997e-002
-2.888e-002	4.997e-002
-2.889e-002	4.997e-002
-2.889e-002	4.998e-002
-2.890e-002	4.997e-002
-2.891e-002	4.997e-002
-2.891e-002	4.997e-002
-2.892e-002	4.997e-002
-2.892e-002	4.997e-002
-2.892e-002	4.997e-002
-2.893e-002	4.997e-002
-2.893e-002	4.997e-002
-2.894e-002	4.997e-002
-2.894e-002	4.997e-002
-2.895e-002	4.997e-002
-2.895e-002	4.997e-002
-2.896e-002	4.997e-002
-2.896e-002	4.997e-002
-2.897e-002	4.997e-002
-2.897e-002	4.997e-002
-2.897e-002	4.997e-002
-2.898e-002	4.997e-002
-2.898e-002	4.997e-002
-2.898e-002	4.997e-002
-2.899e-002	4.997e-002
-2.899e-002	4.997e-002
-2.900e-002	4.997e-002
-2.900e-002	4.997e-002
-2.900e-002	4.997e-002
-2.901e-002	4.997e-002
-2.901e-002	4.997e-002
-2.901e-002	4.997e-002
-2.902e-002	4.997e-002
-2.902e-002	4.997e-002
-2.902e-002	4.997e-002
-2.902e-002	4.998e-002
-2.903e-002	4.997e-002
-2.903e-002	4.997e-002
-2.903e-002	4.997e-002
-2.904e-002	4.997e-002
-2.904e-002	4.997e-002
-2.904e-002	4.997e-002
-2.905e-002	4.997e-002
-2.905e-002	4.997e-002
-2.905e-002	4.997e-002
-2.905e-002	4.997e-002
-2.906e-002	4.997e-002
-2.906e-002	4.997e-002
-2.906e-002	4.997e-002
-2.906e-002	4.997e-002
-2.907e-002	4.997e-002
-2.907e-002	4.997e-002
-2.907e-002	4.997e-002
-2.907e-002	4.997e-002
-2.908e-002	4.997e-002
-2.908e-002	4.997e-002
-2.908e-002	4.997e-002
-2.908e-002	4.997e-002
-2.909e-002	4.997e-002
-2.909e-002	4.997e-002
-2.909e-002	4.997e-002
-2.909e-002	4.997e-002
-2.909e-002	4.997e-002
-2.910e-002	4.997e-002
-2.910e-002	4.997e-002
-2.910e-002	4.997e-002
-2.910e-002	4.998e-002
-2.910e-002	4.998e-002
-2.911e-002	4.997e-002
-2.911e-002	4.997e-002
-2.911e-002	4.997e-002
-2.911e-002	4.997e-002
-2.911e-002	4.997e-002
-2.912e-002	4.997e-002
-2.912e-002	4.997e-002
-2.912e-002	4.997e-002
-2.912e-002	4.997e-002
-2.912e-002	4.997e-002
-2.913e-002	4.997e-002
-2.913e-002	4.997e-002
-2.913e-002	4.997e-002
-2.913e-002	4.997e-002
-2.913e-002	4.997e-002
-2.913e-002	4.997e-002
-2.914e-002	4.997e-002
-2.914e-002	4.997e-002
-2.914e-002	4.997e-002
-2.914e-002	4.997e-002
-2.914e-002	4.997e-002
-2.914e-002	4.997e-002
-2.914e-002	4.997e-002
-2.915e-002	4.997e-002
-2.915e-002	4.997e-002
-2.915e-002	4.997e-002
	
