XY
	CURVE (PWRCHARGE_#1.DTA)
1.386e-004	1.138e+000
2.772e-004	1.201e+000
4.158e-004	1.217e+000
5.544e-004	1.225e+000
6.930e-004	1.229e+000
8.316e-004	1.232e+000
9.702e-004	1.234e+000
1.109e-003	1.236e+000
1.247e-003	1.238e+000
1.386e-003	1.240e+000
1.525e-003	1.242e+000
1.663e-003	1.243e+000
1.802e-003	1.244e+000
1.940e-003	1.246e+000
2.079e-003	1.247e+000
2.218e-003	1.248e+000
2.356e-003	1.250e+000
2.495e-003	1.251e+000
2.633e-003	1.252e+000
2.772e-003	1.253e+000
2.911e-003	1.254e+000
3.049e-003	1.255e+000
3.188e-003	1.256e+000
3.326e-003	1.257e+000
3.465e-003	1.257e+000
3.603e-003	1.258e+000
3.742e-003	1.259e+000
3.881e-003	1.260e+000
4.019e-003	1.262e+000
4.158e-003	1.263e+000
4.296e-003	1.264e+000
4.435e-003	1.265e+000
4.574e-003	1.266e+000
4.712e-003	1.268e+000
4.851e-003	1.269e+000
4.989e-003	1.270e+000
5.128e-003	1.271e+000
5.267e-003	1.272e+000
5.405e-003	1.273e+000
5.544e-003	1.274e+000
5.682e-003	1.275e+000
5.821e-003	1.277e+000
5.960e-003	1.278e+000
6.098e-003	1.279e+000
6.237e-003	1.280e+000
6.375e-003	1.281e+000
6.514e-003	1.282e+000
6.653e-003	1.283e+000
6.791e-003	1.284e+000
6.930e-003	1.285e+000
7.068e-003	1.286e+000
7.207e-003	1.287e+000
7.346e-003	1.288e+000
7.484e-003	1.289e+000
7.623e-003	1.290e+000
7.761e-003	1.291e+000
7.900e-003	1.292e+000
8.039e-003	1.293e+000
8.177e-003	1.293e+000
8.316e-003	1.294e+000
8.454e-003	1.295e+000
8.593e-003	1.296e+000
8.732e-003	1.296e+000
8.870e-003	1.297e+000
9.009e-003	1.298e+000
9.147e-003	1.299e+000
9.286e-003	1.300e+000
9.425e-003	1.301e+000
9.563e-003	1.301e+000
9.702e-003	1.302e+000
9.840e-003	1.303e+000
9.979e-003	1.304e+000
1.012e-002	1.304e+000
1.026e-002	1.305e+000
1.039e-002	1.306e+000
1.053e-002	1.307e+000
1.067e-002	1.308e+000
1.081e-002	1.309e+000
1.095e-002	1.310e+000
1.109e-002	1.310e+000
1.123e-002	1.311e+000
1.136e-002	1.312e+000
1.150e-002	1.313e+000
1.164e-002	1.314e+000
1.178e-002	1.315e+000
1.192e-002	1.315e+000
1.206e-002	1.316e+000
1.220e-002	1.317e+000
1.234e-002	1.318e+000
1.247e-002	1.319e+000
1.261e-002	1.320e+000
1.275e-002	1.321e+000
1.289e-002	1.322e+000
1.303e-002	1.323e+000
1.317e-002	1.324e+000
1.331e-002	1.325e+000
1.344e-002	1.325e+000
1.358e-002	1.326e+000
1.372e-002	1.327e+000
1.386e-002	1.328e+000
1.400e-002	1.329e+000
1.414e-002	1.330e+000
1.428e-002	1.331e+000
1.441e-002	1.332e+000
1.455e-002	1.333e+000
1.469e-002	1.334e+000
1.483e-002	1.335e+000
1.497e-002	1.336e+000
1.511e-002	1.337e+000
1.525e-002	1.338e+000
1.538e-002	1.339e+000
1.552e-002	1.340e+000
1.566e-002	1.341e+000
1.580e-002	1.342e+000
1.594e-002	1.343e+000
1.608e-002	1.344e+000
1.622e-002	1.345e+000
1.635e-002	1.346e+000
1.649e-002	1.348e+000
1.663e-002	1.349e+000
1.677e-002	1.350e+000
1.691e-002	1.351e+000
1.705e-002	1.352e+000
1.719e-002	1.353e+000
1.732e-002	1.354e+000
1.746e-002	1.356e+000
1.760e-002	1.357e+000
1.774e-002	1.358e+000
1.788e-002	1.359e+000
1.802e-002	1.361e+000
1.816e-002	1.362e+000
1.829e-002	1.363e+000
1.843e-002	1.365e+000
1.857e-002	1.366e+000
1.871e-002	1.368e+000
1.885e-002	1.369e+000
1.899e-002	1.371e+000
1.913e-002	1.372e+000
1.926e-002	1.373e+000
1.940e-002	1.375e+000
1.954e-002	1.376e+000
1.968e-002	1.378e+000
1.982e-002	1.380e+000
1.996e-002	1.381e+000
2.010e-002	1.383e+000
2.024e-002	1.385e+000
2.037e-002	1.387e+000
2.051e-002	1.388e+000
2.065e-002	1.390e+000
2.079e-002	1.392e+000
2.093e-002	1.394e+000
2.107e-002	1.396e+000
2.121e-002	1.398e+000
2.134e-002	1.401e+000
2.148e-002	1.403e+000
2.162e-002	1.405e+000
2.176e-002	1.408e+000
2.190e-002	1.410e+000
2.204e-002	1.413e+000
2.218e-002	1.415e+000
2.231e-002	1.418e+000
2.245e-002	1.421e+000
2.259e-002	1.424e+000
2.273e-002	1.427e+000
2.287e-002	1.430e+000
2.301e-002	1.433e+000
2.315e-002	1.437e+000
2.328e-002	1.441e+000
2.342e-002	1.445e+000
2.356e-002	1.450e+000
2.370e-002	1.455e+000
2.384e-002	1.460e+000
2.398e-002	1.465e+000
2.412e-002	1.471e+000
2.425e-002	1.477e+000
2.439e-002	1.485e+000
2.453e-002	1.494e+000
2.455e-002	1.499e+000
2.467e-002	1.500e+000
2.481e-002	1.500e+000
2.494e-002	1.500e+000
2.507e-002	1.500e+000
2.520e-002	1.500e+000
2.533e-002	1.500e+000
2.546e-002	1.500e+000
2.558e-002	1.500e+000
2.571e-002	1.500e+000
2.583e-002	1.500e+000
2.595e-002	1.500e+000
2.607e-002	1.500e+000
2.619e-002	1.500e+000
2.630e-002	1.500e+000
2.641e-002	1.500e+000
2.652e-002	1.500e+000
2.663e-002	1.500e+000
2.674e-002	1.500e+000
2.685e-002	1.500e+000
2.695e-002	1.500e+000
2.705e-002	1.500e+000
2.715e-002	1.500e+000
2.725e-002	1.500e+000
2.735e-002	1.500e+000
2.744e-002	1.500e+000
2.753e-002	1.500e+000
2.762e-002	1.500e+000
2.771e-002	1.500e+000
2.780e-002	1.500e+000
2.788e-002	1.500e+000
2.797e-002	1.500e+000
2.805e-002	1.500e+000
2.813e-002	1.500e+000
2.821e-002	1.500e+000
2.828e-002	1.500e+000
2.836e-002	1.500e+000
2.843e-002	1.500e+000
2.850e-002	1.500e+000
2.857e-002	1.500e+000
2.864e-002	1.500e+000
2.871e-002	1.500e+000
2.877e-002	1.500e+000
2.883e-002	1.500e+000
2.890e-002	1.500e+000
2.896e-002	1.500e+000
2.902e-002	1.500e+000
2.907e-002	1.500e+000
2.913e-002	1.500e+000
2.919e-002	1.500e+000
2.924e-002	1.500e+000
2.929e-002	1.500e+000
2.934e-002	1.500e+000
2.939e-002	1.500e+000
2.944e-002	1.500e+000
2.949e-002	1.500e+000
2.954e-002	1.500e+000
2.959e-002	1.500e+000
2.963e-002	1.500e+000
2.967e-002	1.500e+000
2.972e-002	1.500e+000
2.976e-002	1.500e+000
2.980e-002	1.500e+000
2.984e-002	1.500e+000
2.988e-002	1.500e+000
2.992e-002	1.500e+000
2.995e-002	1.500e+000
2.999e-002	1.500e+000
3.003e-002	1.500e+000
3.006e-002	1.500e+000
3.010e-002	1.500e+000
3.013e-002	1.500e+000
3.016e-002	1.500e+000
3.019e-002	1.500e+000
3.023e-002	1.500e+000
3.026e-002	1.500e+000
3.029e-002	1.500e+000
3.031e-002	1.500e+000
3.034e-002	1.500e+000
3.037e-002	1.500e+000
3.040e-002	1.500e+000
3.042e-002	1.500e+000
3.045e-002	1.500e+000
3.048e-002	1.500e+000
3.050e-002	1.500e+000
3.052e-002	1.500e+000
3.055e-002	1.500e+000
3.057e-002	1.500e+000
3.059e-002	1.500e+000
3.062e-002	1.500e+000
3.064e-002	1.500e+000
3.066e-002	1.500e+000
3.068e-002	1.500e+000
3.070e-002	1.500e+000
3.072e-002	1.500e+000
3.074e-002	1.500e+000
3.076e-002	1.500e+000
3.078e-002	1.500e+000
3.080e-002	1.500e+000
3.081e-002	1.500e+000
3.083e-002	1.500e+000
3.085e-002	1.500e+000
3.087e-002	1.500e+000
3.088e-002	1.500e+000
3.090e-002	1.500e+000
3.092e-002	1.500e+000
3.093e-002	1.500e+000
3.095e-002	1.500e+000
3.096e-002	1.500e+000
3.098e-002	1.500e+000
3.099e-002	1.500e+000
3.101e-002	1.500e+000
3.102e-002	1.500e+000
3.103e-002	1.500e+000
3.105e-002	1.500e+000
3.106e-002	1.500e+000
3.107e-002	1.500e+000
3.109e-002	1.500e+000
3.110e-002	1.500e+000
3.111e-002	1.500e+000
3.112e-002	1.500e+000
3.114e-002	1.500e+000
3.115e-002	1.500e+000
3.116e-002	1.500e+000
3.117e-002	1.500e+000
3.118e-002	1.500e+000
3.119e-002	1.500e+000
3.120e-002	1.500e+000
3.121e-002	1.500e+000
3.122e-002	1.500e+000
3.123e-002	1.500e+000
3.124e-002	1.500e+000
3.125e-002	1.500e+000
3.126e-002	1.500e+000
3.127e-002	1.500e+000
3.128e-002	1.500e+000
3.129e-002	1.500e+000
3.130e-002	1.500e+000
3.131e-002	1.500e+000
3.132e-002	1.500e+000
3.133e-002	1.500e+000
3.134e-002	1.500e+000
3.135e-002	1.500e+000
3.135e-002	1.500e+000
3.136e-002	1.500e+000
3.137e-002	1.500e+000
3.138e-002	1.500e+000
3.139e-002	1.500e+000
3.140e-002	1.500e+000
3.140e-002	1.500e+000
3.141e-002	1.500e+000
3.142e-002	1.500e+000
3.143e-002	1.500e+000
3.143e-002	1.500e+000
3.144e-002	1.500e+000
3.145e-002	1.500e+000
3.146e-002	1.500e+000
3.146e-002	1.500e+000
3.147e-002	1.500e+000
	
