XY
	CURVE (PWRDISCHARGE_#1.DTA)
-5.558e-005	5.003e-001
-1.112e-004	4.075e-001
-1.667e-004	3.899e-001
-2.223e-004	3.841e-001
-2.779e-004	3.817e-001
-3.335e-004	3.805e-001
-3.890e-004	3.798e-001
-4.446e-004	3.795e-001
-5.002e-004	3.794e-001
-5.558e-004	3.793e-001
-6.114e-004	3.789e-001
-6.669e-004	3.784e-001
-7.225e-004	3.782e-001
-7.781e-004	3.776e-001
-8.337e-004	3.768e-001
-8.893e-004	3.763e-001
-9.448e-004	3.755e-001
-1.000e-003	3.747e-001
-1.056e-003	3.740e-001
-1.112e-003	3.734e-001
-1.167e-003	3.730e-001
-1.223e-003	3.721e-001
-1.278e-003	3.718e-001
-1.334e-003	3.714e-001
-1.389e-003	3.711e-001
-1.445e-003	3.707e-001
-1.501e-003	3.703e-001
-1.556e-003	3.699e-001
-1.612e-003	3.694e-001
-1.667e-003	3.688e-001
-1.723e-003	3.686e-001
-1.779e-003	3.682e-001
-1.834e-003	3.676e-001
-1.890e-003	3.672e-001
-1.945e-003	3.670e-001
-2.001e-003	3.666e-001
-2.056e-003	3.661e-001
-2.112e-003	3.656e-001
-2.168e-003	3.651e-001
-2.223e-003	3.650e-001
-2.279e-003	3.649e-001
-2.334e-003	3.649e-001
-2.390e-003	3.645e-001
-2.445e-003	3.642e-001
-2.501e-003	3.639e-001
-2.557e-003	3.635e-001
-2.612e-003	3.630e-001
-2.668e-003	3.624e-001
-2.723e-003	3.618e-001
-2.779e-003	3.613e-001
-2.835e-003	3.608e-001
-2.890e-003	3.603e-001
-2.946e-003	3.600e-001
-3.001e-003	3.595e-001
-3.057e-003	3.590e-001
-3.112e-003	3.586e-001
-3.168e-003	3.583e-001
-3.224e-003	3.578e-001
-3.279e-003	3.576e-001
-3.335e-003	3.575e-001
-3.390e-003	3.573e-001
-3.446e-003	3.568e-001
-3.501e-003	3.562e-001
-3.557e-003	3.558e-001
-3.613e-003	3.554e-001
-3.668e-003	3.553e-001
-3.724e-003	3.547e-001
-3.779e-003	3.541e-001
-3.835e-003	3.537e-001
-3.890e-003	3.530e-001
-3.946e-003	3.524e-001
-4.002e-003	3.518e-001
-4.057e-003	3.514e-001
-4.113e-003	3.511e-001
-4.168e-003	3.506e-001
-4.224e-003	3.499e-001
-4.280e-003	3.496e-001
-4.335e-003	3.494e-001
-4.391e-003	3.489e-001
-4.446e-003	3.483e-001
-4.502e-003	3.477e-001
-4.557e-003	3.474e-001
-4.613e-003	3.468e-001
-4.669e-003	3.462e-001
-4.724e-003	3.455e-001
-4.780e-003	3.447e-001
-4.835e-003	3.440e-001
-4.891e-003	3.432e-001
-4.946e-003	3.426e-001
-5.002e-003	3.424e-001
-5.058e-003	3.420e-001
-5.113e-003	3.416e-001
-5.169e-003	3.408e-001
-5.224e-003	3.401e-001
-5.280e-003	3.397e-001
-5.336e-003	3.393e-001
-5.391e-003	3.388e-001
-5.447e-003	3.382e-001
-5.502e-003	3.377e-001
-5.558e-003	3.371e-001
-5.613e-003	3.363e-001
-5.669e-003	3.359e-001
-5.725e-003	3.350e-001
-5.780e-003	3.343e-001
-5.836e-003	3.338e-001
-5.891e-003	3.333e-001
-5.947e-003	3.328e-001
-6.002e-003	3.319e-001
-6.058e-003	3.314e-001
-6.114e-003	3.311e-001
-6.169e-003	3.306e-001
-6.225e-003	3.302e-001
-6.280e-003	3.298e-001
-6.336e-003	3.290e-001
-6.392e-003	3.281e-001
-6.447e-003	3.270e-001
-6.503e-003	3.263e-001
-6.558e-003	3.260e-001
-6.614e-003	3.255e-001
-6.669e-003	3.254e-001
-6.725e-003	3.252e-001
-6.781e-003	3.249e-001
-6.836e-003	3.245e-001
-6.892e-003	3.235e-001
-6.947e-003	3.233e-001
-7.003e-003	3.226e-001
-7.058e-003	3.217e-001
-7.114e-003	3.210e-001
-7.170e-003	3.205e-001
-7.225e-003	3.197e-001
-7.281e-003	3.185e-001
-7.336e-003	3.179e-001
-7.392e-003	3.176e-001
-7.448e-003	3.175e-001
-7.503e-003	3.173e-001
-7.559e-003	3.171e-001
-7.614e-003	3.170e-001
-7.670e-003	3.167e-001
-7.725e-003	3.160e-001
-7.781e-003	3.152e-001
-7.837e-003	3.141e-001
-7.892e-003	3.134e-001
-7.948e-003	3.136e-001
-8.003e-003	3.132e-001
-8.059e-003	3.128e-001
-8.114e-003	3.122e-001
-8.170e-003	3.114e-001
-8.226e-003	3.103e-001
-8.281e-003	3.093e-001
-8.337e-003	3.087e-001
-8.392e-003	3.084e-001
-8.448e-003	3.081e-001
-8.504e-003	3.077e-001
-8.559e-003	3.071e-001
-8.615e-003	3.059e-001
-8.670e-003	3.049e-001
-8.726e-003	3.046e-001
-8.781e-003	3.046e-001
-8.837e-003	3.047e-001
-8.893e-003	3.038e-001
-8.948e-003	3.031e-001
-9.004e-003	3.022e-001
-9.059e-003	3.011e-001
-9.115e-003	3.006e-001
-9.170e-003	2.998e-001
-9.226e-003	2.987e-001
-9.282e-003	2.981e-001
-9.337e-003	2.981e-001
-9.393e-003	2.981e-001
-9.448e-003	2.977e-001
-9.504e-003	2.975e-001
-9.560e-003	2.973e-001
-9.615e-003	2.966e-001
-9.671e-003	2.960e-001
-9.726e-003	2.955e-001
-9.782e-003	2.948e-001
-9.837e-003	2.940e-001
-9.893e-003	2.940e-001
-9.949e-003	2.938e-001
-1.000e-002	2.938e-001
-1.006e-002	2.935e-001
-1.012e-002	2.926e-001
-1.017e-002	2.925e-001
-1.023e-002	2.919e-001
-1.028e-002	2.911e-001
-1.034e-002	2.903e-001
-1.039e-002	2.894e-001
-1.045e-002	2.890e-001
-1.050e-002	2.886e-001
-1.056e-002	2.882e-001
-1.062e-002	2.879e-001
-1.067e-002	2.865e-001
-1.073e-002	2.845e-001
-1.078e-002	2.837e-001
-1.084e-002	2.833e-001
-1.089e-002	2.832e-001
-1.095e-002	2.831e-001
-1.100e-002	2.827e-001
-1.106e-002	2.824e-001
-1.112e-002	2.823e-001
-1.117e-002	2.820e-001
-1.123e-002	2.807e-001
-1.128e-002	2.802e-001
-1.134e-002	2.791e-001
-1.139e-002	2.777e-001
-1.145e-002	2.773e-001
-1.150e-002	2.770e-001
-1.156e-002	2.770e-001
-1.162e-002	2.765e-001
-1.167e-002	2.759e-001
-1.173e-002	2.750e-001
-1.178e-002	2.741e-001
-1.184e-002	2.737e-001
-1.189e-002	2.728e-001
-1.195e-002	2.728e-001
-1.200e-002	2.728e-001
-1.206e-002	2.728e-001
-1.212e-002	2.723e-001
-1.217e-002	2.711e-001
-1.223e-002	2.703e-001
-1.228e-002	2.692e-001
-1.234e-002	2.678e-001
-1.239e-002	2.679e-001
-1.245e-002	2.675e-001
-1.251e-002	2.667e-001
-1.256e-002	2.658e-001
-1.262e-002	2.651e-001
-1.267e-002	2.647e-001
-1.273e-002	2.637e-001
-1.278e-002	2.632e-001
-1.284e-002	2.615e-001
-1.289e-002	2.604e-001
-1.295e-002	2.601e-001
-1.301e-002	2.599e-001
-1.306e-002	2.596e-001
-1.312e-002	2.595e-001
-1.317e-002	2.585e-001
-1.323e-002	2.580e-001
-1.328e-002	2.577e-001
-1.334e-002	2.561e-001
-1.339e-002	2.548e-001
-1.345e-002	2.542e-001
-1.351e-002	2.540e-001
-1.356e-002	2.537e-001
-1.362e-002	2.537e-001
-1.367e-002	2.532e-001
-1.373e-002	2.527e-001
-1.378e-002	2.522e-001
-1.384e-002	2.516e-001
-1.389e-002	2.506e-001
-1.395e-002	2.493e-001
-1.401e-002	2.476e-001
-1.406e-002	2.470e-001
-1.412e-002	2.465e-001
-1.417e-002	2.458e-001
-1.423e-002	2.450e-001
-1.428e-002	2.450e-001
-1.434e-002	2.440e-001
-1.439e-002	2.429e-001
-1.445e-002	2.423e-001
-1.451e-002	2.414e-001
-1.456e-002	2.410e-001
-1.462e-002	2.403e-001
-1.467e-002	2.394e-001
-1.473e-002	2.386e-001
-1.478e-002	2.376e-001
-1.484e-002	2.368e-001
-1.490e-002	2.366e-001
-1.495e-002	2.364e-001
-1.501e-002	2.361e-001
-1.506e-002	2.355e-001
-1.512e-002	2.344e-001
-1.517e-002	2.334e-001
-1.523e-002	2.328e-001
-1.528e-002	2.304e-001
-1.534e-002	2.293e-001
-1.540e-002	2.293e-001
-1.545e-002	2.276e-001
-1.551e-002	2.272e-001
-1.556e-002	2.267e-001
-1.562e-002	2.264e-001
-1.567e-002	2.259e-001
-1.573e-002	2.256e-001
-1.578e-002	2.242e-001
-1.584e-002	2.223e-001
-1.590e-002	2.217e-001
-1.595e-002	2.214e-001
-1.601e-002	2.216e-001
-1.606e-002	2.219e-001
-1.612e-002	2.223e-001
-1.617e-002	2.225e-001
-1.623e-002	2.214e-001
-1.628e-002	2.208e-001
-1.634e-002	2.195e-001
-1.640e-002	2.181e-001
-1.645e-002	2.179e-001
-1.651e-002	2.164e-001
-1.656e-002	2.154e-001
-1.662e-002	2.150e-001
-1.667e-002	2.137e-001
-1.673e-002	2.128e-001
-1.678e-002	2.122e-001
-1.684e-002	2.113e-001
-1.690e-002	2.105e-001
-1.695e-002	2.088e-001
-1.701e-002	2.069e-001
-1.706e-002	2.061e-001
-1.712e-002	2.044e-001
-1.717e-002	2.024e-001
-1.723e-002	1.998e-001
-1.728e-002	1.977e-001
-1.734e-002	1.978e-001
-1.740e-002	1.971e-001
-1.745e-002	1.964e-001
-1.751e-002	1.966e-001
-1.756e-002	1.978e-001
-1.762e-002	1.990e-001
-1.767e-002	1.982e-001
-1.773e-002	1.978e-001
-1.779e-002	1.963e-001
-1.784e-002	1.950e-001
-1.790e-002	1.951e-001
-1.795e-002	1.949e-001
-1.801e-002	1.931e-001
-1.806e-002	1.921e-001
-1.812e-002	1.916e-001
-1.817e-002	1.916e-001
-1.823e-002	1.906e-001
-1.829e-002	1.883e-001
-1.834e-002	1.858e-001
-1.840e-002	1.841e-001
-1.845e-002	1.834e-001
-1.851e-002	1.815e-001
-1.856e-002	1.804e-001
-1.862e-002	1.791e-001
-1.867e-002	1.789e-001
-1.873e-002	1.797e-001
-1.879e-002	1.793e-001
-1.884e-002	1.777e-001
-1.890e-002	1.764e-001
-1.895e-002	1.758e-001
-1.901e-002	1.742e-001
-1.906e-002	1.729e-001
-1.912e-002	1.722e-001
-1.917e-002	1.709e-001
-1.923e-002	1.695e-001
-1.929e-002	1.678e-001
-1.934e-002	1.659e-001
-1.940e-002	1.646e-001
-1.945e-002	1.629e-001
-1.951e-002	1.612e-001
-1.956e-002	1.607e-001
-1.962e-002	1.589e-001
-1.967e-002	1.558e-001
-1.973e-002	1.559e-001
-1.979e-002	1.568e-001
-1.984e-002	1.570e-001
-1.990e-002	1.564e-001
-1.995e-002	1.563e-001
-2.001e-002	1.559e-001
-2.006e-002	1.538e-001
-2.012e-002	1.518e-001
-2.018e-002	1.494e-001
-2.023e-002	1.474e-001
-2.029e-002	1.457e-001
-2.034e-002	1.461e-001
-2.040e-002	1.459e-001
-2.045e-002	1.454e-001
-2.051e-002	1.442e-001
-2.056e-002	1.421e-001
-2.062e-002	1.407e-001
-2.068e-002	1.386e-001
-2.073e-002	1.350e-001
-2.079e-002	1.322e-001
-2.084e-002	1.298e-001
-2.090e-002	1.279e-001
-2.095e-002	1.259e-001
-2.101e-002	1.244e-001
-2.106e-002	1.213e-001
-2.112e-002	1.180e-001
-2.118e-002	1.162e-001
-2.123e-002	1.174e-001
-2.129e-002	1.152e-001
-2.134e-002	1.142e-001
-2.140e-002	1.116e-001
-2.145e-002	1.103e-001
-2.151e-002	1.079e-001
-2.156e-002	1.070e-001
-2.162e-002	1.058e-001
-2.168e-002	1.052e-001
-2.173e-002	1.057e-001
-2.179e-002	1.030e-001
-2.184e-002	9.863e-002
-2.190e-002	9.693e-002
-2.195e-002	9.725e-002
-2.201e-002	9.929e-002
-2.206e-002	9.905e-002
-2.212e-002	9.688e-002
-2.218e-002	9.812e-002
-2.223e-002	9.391e-002
-2.229e-002	9.101e-002
-2.234e-002	9.059e-002
-2.240e-002	8.729e-002
-2.245e-002	8.458e-002
-2.251e-002	8.122e-002
-2.256e-002	7.792e-002
-2.262e-002	7.259e-002
-2.268e-002	7.169e-002
-2.273e-002	7.156e-002
-2.279e-002	7.207e-002
-2.284e-002	6.998e-002
-2.290e-002	7.006e-002
-2.295e-002	6.873e-002
-2.301e-002	6.593e-002
-2.307e-002	6.378e-002
-2.312e-002	6.176e-002
-2.318e-002	5.863e-002
-2.323e-002	5.526e-002
-2.329e-002	5.206e-002
-2.329e-002	5.018e-002
-2.334e-002	5.028e-002
-2.340e-002	5.069e-002
-2.345e-002	5.000e-002
-2.351e-002	4.993e-002
-2.356e-002	4.993e-002
-2.361e-002	4.996e-002
-2.367e-002	4.992e-002
-2.372e-002	4.997e-002
-2.377e-002	4.993e-002
-2.383e-002	4.993e-002
-2.388e-002	4.990e-002
-2.393e-002	5.000e-002
-2.398e-002	4.995e-002
-2.403e-002	4.994e-002
-2.408e-002	4.994e-002
-2.413e-002	4.996e-002
-2.419e-002	4.994e-002
-2.424e-002	4.996e-002
-2.429e-002	4.996e-002
-2.434e-002	4.996e-002
-2.439e-002	4.991e-002
-2.444e-002	4.999e-002
-2.449e-002	4.993e-002
-2.454e-002	4.994e-002
-2.459e-002	4.996e-002
-2.464e-002	4.993e-002
-2.469e-002	4.995e-002
-2.474e-002	4.996e-002
-2.479e-002	4.991e-002
-2.484e-002	4.994e-002
-2.488e-002	4.994e-002
-2.493e-002	4.990e-002
-2.498e-002	4.994e-002
-2.502e-002	4.998e-002
-2.507e-002	4.994e-002
-2.512e-002	4.990e-002
-2.516e-002	4.994e-002
-2.521e-002	4.993e-002
-2.525e-002	4.993e-002
-2.529e-002	4.993e-002
-2.534e-002	4.992e-002
-2.538e-002	4.995e-002
-2.542e-002	4.998e-002
-2.546e-002	4.993e-002
-2.551e-002	4.996e-002
-2.555e-002	4.997e-002
-2.559e-002	4.994e-002
-2.563e-002	4.997e-002
-2.568e-002	4.994e-002
-2.572e-002	4.991e-002
-2.576e-002	4.996e-002
-2.580e-002	4.996e-002
-2.584e-002	4.996e-002
-2.588e-002	4.993e-002
-2.592e-002	4.996e-002
-2.596e-002	4.994e-002
-2.600e-002	4.997e-002
-2.604e-002	4.992e-002
-2.608e-002	4.995e-002
-2.612e-002	4.993e-002
-2.616e-002	4.994e-002
-2.620e-002	4.992e-002
-2.624e-002	4.996e-002
-2.628e-002	4.996e-002
-2.631e-002	4.996e-002
-2.635e-002	4.996e-002
-2.639e-002	4.995e-002
-2.643e-002	4.994e-002
-2.647e-002	4.993e-002
-2.650e-002	4.992e-002
-2.654e-002	4.995e-002
-2.658e-002	4.995e-002
-2.661e-002	4.995e-002
-2.665e-002	4.993e-002
-2.668e-002	4.993e-002
-2.672e-002	4.994e-002
-2.675e-002	4.995e-002
-2.678e-002	4.992e-002
-2.682e-002	4.993e-002
-2.685e-002	4.994e-002
-2.688e-002	4.994e-002
-2.691e-002	4.993e-002
-2.695e-002	4.993e-002
-2.698e-002	4.995e-002
-2.701e-002	4.993e-002
-2.704e-002	4.992e-002
-2.707e-002	4.994e-002
-2.710e-002	4.995e-002
-2.713e-002	4.995e-002
-2.715e-002	4.995e-002
-2.718e-002	4.996e-002
-2.721e-002	4.996e-002
-2.724e-002	4.994e-002
-2.727e-002	4.996e-002
-2.730e-002	4.995e-002
-2.733e-002	4.996e-002
-2.736e-002	4.995e-002
-2.739e-002	4.995e-002
-2.741e-002	4.995e-002
-2.744e-002	4.995e-002
-2.747e-002	4.995e-002
-2.750e-002	4.994e-002
-2.753e-002	4.994e-002
-2.755e-002	4.995e-002
-2.758e-002	4.993e-002
-2.761e-002	4.994e-002
-2.763e-002	4.993e-002
-2.766e-002	4.993e-002
-2.768e-002	4.994e-002
-2.771e-002	4.993e-002
-2.773e-002	4.991e-002
-2.775e-002	4.995e-002
-2.777e-002	4.995e-002
-2.780e-002	4.996e-002
-2.782e-002	4.995e-002
-2.784e-002	4.996e-002
-2.787e-002	4.995e-002
-2.789e-002	4.993e-002
-2.791e-002	4.994e-002
-2.793e-002	4.991e-002
-2.795e-002	4.994e-002
-2.797e-002	4.994e-002
-2.799e-002	4.995e-002
-2.801e-002	4.994e-002
-2.803e-002	4.992e-002
-2.805e-002	4.994e-002
-2.807e-002	4.995e-002
-2.808e-002	4.996e-002
-2.810e-002	4.994e-002
-2.812e-002	4.993e-002
-2.814e-002	4.994e-002
-2.815e-002	4.994e-002
-2.817e-002	4.995e-002
-2.819e-002	4.995e-002
-2.820e-002	4.994e-002
-2.822e-002	4.993e-002
-2.823e-002	4.995e-002
-2.825e-002	4.994e-002
-2.826e-002	4.994e-002
-2.828e-002	4.994e-002
-2.829e-002	4.994e-002
-2.830e-002	4.994e-002
-2.832e-002	4.996e-002
-2.833e-002	4.995e-002
-2.834e-002	4.995e-002
-2.836e-002	4.994e-002
-2.837e-002	4.995e-002
-2.838e-002	4.995e-002
-2.839e-002	4.995e-002
-2.841e-002	4.994e-002
-2.842e-002	4.993e-002
-2.843e-002	4.994e-002
-2.844e-002	4.994e-002
-2.845e-002	4.994e-002
-2.846e-002	4.995e-002
-2.847e-002	4.995e-002
-2.848e-002	4.996e-002
-2.849e-002	4.996e-002
-2.850e-002	4.994e-002
-2.851e-002	4.994e-002
-2.852e-002	4.995e-002
-2.853e-002	4.995e-002
-2.854e-002	4.995e-002
-2.855e-002	4.994e-002
-2.856e-002	4.994e-002
-2.856e-002	4.995e-002
-2.857e-002	4.994e-002
-2.858e-002	4.994e-002
-2.859e-002	4.995e-002
-2.860e-002	4.994e-002
-2.860e-002	4.995e-002
-2.861e-002	4.996e-002
-2.862e-002	4.994e-002
-2.863e-002	4.995e-002
-2.863e-002	4.995e-002
-2.864e-002	4.996e-002
-2.865e-002	4.996e-002
-2.865e-002	4.995e-002
-2.866e-002	4.994e-002
-2.866e-002	4.994e-002
-2.867e-002	4.995e-002
-2.868e-002	4.996e-002
-2.868e-002	4.995e-002
-2.869e-002	4.995e-002
-2.869e-002	4.995e-002
-2.870e-002	4.995e-002
-2.870e-002	4.995e-002
-2.871e-002	4.996e-002
-2.871e-002	4.995e-002
-2.872e-002	4.995e-002
-2.872e-002	4.995e-002
-2.873e-002	4.995e-002
-2.873e-002	4.995e-002
-2.874e-002	4.995e-002
-2.874e-002	4.995e-002
-2.875e-002	4.996e-002
-2.875e-002	4.996e-002
-2.876e-002	4.996e-002
-2.876e-002	4.995e-002
-2.876e-002	4.995e-002
-2.877e-002	4.995e-002
-2.877e-002	4.995e-002
-2.878e-002	4.995e-002
-2.878e-002	4.996e-002
-2.878e-002	4.995e-002
-2.879e-002	4.995e-002
-2.879e-002	4.995e-002
-2.879e-002	4.995e-002
-2.880e-002	4.995e-002
-2.880e-002	4.995e-002
-2.880e-002	4.996e-002
-2.881e-002	4.996e-002
-2.881e-002	4.995e-002
-2.881e-002	4.995e-002
-2.882e-002	4.995e-002
-2.882e-002	4.995e-002
-2.882e-002	4.995e-002
-2.883e-002	4.995e-002
-2.883e-002	4.995e-002
-2.883e-002	4.995e-002
-2.884e-002	4.996e-002
-2.884e-002	4.996e-002
-2.884e-002	4.996e-002
-2.884e-002	4.996e-002
-2.885e-002	4.995e-002
-2.885e-002	4.996e-002
-2.885e-002	4.995e-002
-2.885e-002	4.995e-002
-2.886e-002	4.995e-002
-2.886e-002	4.995e-002
-2.886e-002	4.995e-002
-2.886e-002	4.995e-002
-2.887e-002	4.995e-002
-2.887e-002	4.996e-002
-2.887e-002	4.995e-002
-2.887e-002	4.995e-002
-2.887e-002	4.996e-002
-2.888e-002	4.996e-002
-2.888e-002	4.996e-002
-2.888e-002	4.996e-002
-2.888e-002	4.996e-002
-2.889e-002	4.996e-002
-2.889e-002	4.996e-002
-2.889e-002	4.995e-002
-2.889e-002	4.996e-002
-2.889e-002	4.996e-002
-2.890e-002	4.996e-002
-2.890e-002	4.995e-002
-2.890e-002	4.996e-002
-2.890e-002	4.995e-002
-2.890e-002	4.996e-002
-2.890e-002	4.996e-002
-2.891e-002	4.996e-002
-2.891e-002	4.996e-002
-2.891e-002	4.996e-002
-2.891e-002	4.996e-002
-2.891e-002	4.996e-002
-2.891e-002	4.996e-002
-2.892e-002	4.996e-002
-2.892e-002	4.996e-002
-2.892e-002	4.996e-002
-2.892e-002	4.996e-002
-2.892e-002	4.996e-002
-2.892e-002	4.996e-002
-2.893e-002	4.996e-002
-2.893e-002	4.996e-002
-2.893e-002	4.996e-002
-2.893e-002	4.996e-002
-2.893e-002	4.996e-002
-2.893e-002	4.996e-002
-2.893e-002	4.996e-002
-2.893e-002	4.996e-002
	
