XY
	CURVE1 (new-5mmolar-14btmapaq-CV-co2-100mvps.DTA)[BKS]		CURVE2 (new-5mmolar-14btmapaq-CV-co2-100mvps.DTA)[BKS]
4.988e-001	2.123e-005	4.988e-001	2.468e-005
4.948e-001	1.513e-005		
4.907e-001	1.077e-005		
4.867e-001	8.311e-006		
4.828e-001	6.966e-006		
4.788e-001	5.044e-006		
4.748e-001	4.675e-006		
4.708e-001	3.482e-006		
4.668e-001	2.882e-006		
4.628e-001	2.756e-006		
4.589e-001	1.676e-006		
4.549e-001	1.905e-006		
4.509e-001	1.170e-006		
4.469e-001	9.043e-007		
4.429e-001	1.046e-006		
4.389e-001	1.785e-007		
4.349e-001	6.047e-007		
4.309e-001	1.107e-008		
4.269e-001	-1.134e-007		
4.229e-001	1.453e-007		
4.189e-001	-6.080e-007		
4.149e-001	-9.945e-008		
4.109e-001	-5.789e-007		
4.069e-001	-6.385e-007		
4.029e-001	-3.048e-007		
3.989e-001	-1.005e-006		
3.949e-001	-4.096e-007		
3.909e-001	-8.538e-007		
3.869e-001	-8.386e-007		
3.830e-001	-4.572e-007		
3.790e-001	-1.111e-006		
3.750e-001	-5.059e-007		
3.710e-001	-9.142e-007		
3.670e-001	-8.919e-007		
3.630e-001	-4.989e-007		
3.590e-001	-1.134e-006		
3.550e-001	-5.123e-007		
3.510e-001	-9.304e-007		
3.470e-001	-9.016e-007		
3.430e-001	-5.026e-007		
3.390e-001	-1.157e-006		
3.350e-001	-5.364e-007		
3.310e-001	-9.505e-007		
3.270e-001	-9.244e-007		
3.230e-001	-5.329e-007		
3.190e-001	-1.193e-006		
3.150e-001	-5.823e-007		
3.110e-001	-9.966e-007		
3.070e-001	-9.910e-007		
3.030e-001	-6.052e-007		
2.990e-001	-1.256e-006		
2.951e-001	-6.510e-007		
2.910e-001	-1.071e-006		
2.870e-001	-1.061e-006		
2.830e-001	-6.848e-007		
2.790e-001	-1.339e-006		
2.750e-001	-7.247e-007		
2.711e-001	-1.150e-006		
2.671e-001	-1.144e-006		
2.631e-001	-7.528e-007		
2.590e-001	-1.418e-006		
2.551e-001	-8.130e-007		
2.511e-001	-1.239e-006		
2.471e-001	-1.232e-006		
2.431e-001	-8.384e-007		
2.391e-001	-1.504e-006		
2.351e-001	-9.029e-007		
2.311e-001	-1.326e-006		
2.271e-001	-1.317e-006		
2.231e-001	-9.270e-007		
2.191e-001	-1.580e-006		
2.151e-001	-9.918e-007		
2.111e-001	-1.400e-006		
2.071e-001	-1.398e-006		
2.031e-001	-1.005e-006		
1.991e-001	-1.683e-006		
1.951e-001	-1.075e-006		
1.911e-001	-1.490e-006		
1.871e-001	-1.476e-006		
1.831e-001	-1.093e-006		
1.791e-001	-1.757e-006		
1.752e-001	-1.149e-006		
1.711e-001	-1.565e-006		
1.673e-001	-1.557e-006		
1.632e-001	-1.161e-006		
1.592e-001	-1.833e-006		
1.552e-001	-1.210e-006		
1.512e-001	-1.643e-006		
1.472e-001	-1.626e-006		
1.433e-001	-1.228e-006		
1.392e-001	-1.892e-006		
1.352e-001	-1.268e-006		
1.312e-001	-1.687e-006		
1.273e-001	-1.675e-006		
1.232e-001	-1.281e-006		
1.193e-001	-1.940e-006		
1.152e-001	-1.336e-006		
1.112e-001	-1.742e-006		
1.072e-001	-1.732e-006		
1.033e-001	-1.325e-006		
9.922e-002	-1.976e-006		
9.536e-002	-1.373e-006		
9.118e-002	-1.773e-006		
8.727e-002	-1.770e-006		
8.322e-002	-1.368e-006		
7.931e-002	-2.021e-006		
7.524e-002	-1.407e-006		
7.141e-002	-1.811e-006		
6.723e-002	-1.795e-006		
6.330e-002	-1.394e-006		
5.926e-002	-2.052e-006		
5.533e-002	-1.431e-006		
5.126e-002	-1.843e-006		
4.740e-002	-1.831e-006		
4.328e-002	-1.413e-006		
3.946e-002	-2.074e-006		
3.529e-002	-1.457e-006		
3.134e-002	-1.854e-006		
2.726e-002	-1.852e-006		
2.343e-002	-1.434e-006		
1.928e-002	-2.092e-006		
1.545e-002	-1.478e-006		
1.130e-002	-1.878e-006		
7.374e-003	-1.851e-006		
3.287e-003	-1.444e-006		
-5.912e-004	-2.102e-006		
-4.691e-003	-1.472e-006		
-8.554e-003	-1.885e-006		
-1.267e-002	-1.855e-006		
-1.665e-002	-1.451e-006		
-2.068e-002	-2.111e-006		
-2.460e-002	-1.490e-006		
-2.868e-002	-1.881e-006		
-3.258e-002	-1.874e-006		
-3.670e-002	-1.463e-006		
-4.061e-002	-2.125e-006		
-4.466e-002	-1.495e-006		
-4.857e-002	-1.891e-006		
-5.266e-002	-1.881e-006		
-5.653e-002	-1.467e-006		
-6.068e-002	-2.124e-006		
-6.460e-002	-1.505e-006		
-6.864e-002	-1.919e-006		
-7.255e-002	-1.897e-006		
-7.664e-002	-1.486e-006		
-8.053e-002	-2.155e-006		
-8.465e-002	-1.529e-006		
-8.851e-002	-1.938e-006		
-9.262e-002	-1.922e-006		
-9.656e-002	-1.518e-006		
-1.006e-001	-2.177e-006		
-1.045e-001	-1.562e-006		
-1.086e-001	-1.975e-006		
-1.125e-001	-1.958e-006		
-1.166e-001	-1.560e-006		
-1.205e-001	-2.227e-006		
-1.246e-001	-1.610e-006		
-1.285e-001	-2.042e-006		
-1.326e-001	-2.033e-006		
-1.365e-001	-1.633e-006		
-1.406e-001	-2.307e-006		
-1.445e-001	-1.700e-006		
-1.486e-001	-2.121e-006		
-1.525e-001	-2.130e-006		
-1.566e-001	-1.760e-006		
-1.605e-001	-2.440e-006		
-1.646e-001	-1.843e-006		
-1.685e-001	-2.291e-006		
-1.725e-001	-2.307e-006		
-1.765e-001	-1.947e-006		
-1.805e-001	-2.652e-006		
-1.845e-001	-2.087e-006		
-1.886e-001	-2.550e-006		
-1.925e-001	-2.595e-006		
-1.965e-001	-2.279e-006		
-2.005e-001	-3.022e-006		
-2.045e-001	-2.466e-006		
-2.084e-001	-2.985e-006		
-2.125e-001	-3.088e-006		
-2.164e-001	-2.792e-006		
-2.205e-001	-3.579e-006		
-2.244e-001	-3.082e-006		
-2.285e-001	-3.656e-006		
-2.324e-001	-3.804e-006		
-2.364e-001	-3.572e-006		
-2.404e-001	-4.431e-006		
-2.444e-001	-4.017e-006		
-2.484e-001	-4.649e-006		
-2.524e-001	-4.889e-006		
-2.564e-001	-4.765e-006		
-2.604e-001	-5.723e-006		
-2.644e-001	-5.425e-006		
-2.684e-001	-6.198e-006		
-2.724e-001	-6.555e-006		
-2.764e-001	-6.568e-006		
-2.804e-001	-7.696e-006		
-2.843e-001	-7.541e-006		
-2.883e-001	-8.473e-006		
-2.923e-001	-9.004e-006		
-2.963e-001	-9.180e-006		
-3.003e-001	-1.043e-005		
-3.043e-001	-1.043e-005		
-3.083e-001	-1.150e-005		
-3.123e-001	-1.212e-005		
-3.163e-001	-1.238e-005		
-3.203e-001	-1.371e-005		
-3.242e-001	-1.373e-005		
-3.282e-001	-1.478e-005		
-3.322e-001	-1.539e-005		
-3.362e-001	-1.566e-005		
-3.402e-001	-1.694e-005		
-3.442e-001	-1.684e-005		
-3.482e-001	-1.780e-005		
-3.522e-001	-1.829e-005		
-3.562e-001	-1.835e-005		
-3.602e-001	-1.943e-005		
-3.642e-001	-1.919e-005		
-3.682e-001	-1.998e-005		
-3.721e-001	-2.026e-005		
-3.761e-001	-2.016e-005		
-3.801e-001	-2.108e-005		
-3.841e-001	-2.066e-005		
-3.881e-001	-2.129e-005		
-3.921e-001	-2.141e-005		
-3.960e-001	-2.115e-005		
-4.001e-001	-2.193e-005		
-4.041e-001	-2.139e-005		
-4.081e-001	-2.189e-005		
-4.121e-001	-2.195e-005		
-4.161e-001	-2.162e-005		
-4.200e-001	-2.233e-005		
-4.240e-001	-2.177e-005		
-4.280e-001	-2.223e-005		
-4.320e-001	-2.231e-005		
-4.360e-001	-2.195e-005		
-4.400e-001	-2.258e-005		
-4.444e-001	-2.205e-005		
-4.484e-001	-2.233e-005		
-4.524e-001	-2.221e-005		
-4.564e-001	-2.172e-005		
-4.604e-001	-2.229e-005		
-4.644e-001	-2.157e-005		
-4.683e-001	-2.195e-005		
-4.724e-001	-2.188e-005		
-4.763e-001	-2.146e-005		
-4.803e-001	-2.216e-005		
-4.843e-001	-2.158e-005		
-4.883e-001	-2.216e-005		
-4.923e-001	-2.236e-005		
-4.963e-001	-2.232e-005		
-5.003e-001	-2.350e-005		
-5.043e-001	-2.353e-005		
-5.083e-001	-2.484e-005		
-5.123e-001	-2.593e-005		
-5.163e-001	-2.700e-005		
-5.203e-001	-2.946e-005		
-5.243e-001	-3.106e-005		
-5.283e-001	-3.414e-005		
-5.323e-001	-3.727e-005		
-5.363e-001	-4.051e-005		
-5.403e-001	-4.541e-005		
-5.443e-001	-4.954e-005		
-5.483e-001	-5.524e-005		
-5.522e-001	-6.097e-005		
-5.562e-001	-6.684e-005		
-5.602e-001	-7.414e-005		
-5.642e-001	-8.048e-005		
-5.682e-001	-8.813e-005		
-5.722e-001	-9.551e-005		
-5.762e-001	-1.026e-004		
-5.802e-001	-1.108e-004		
-5.842e-001	-1.176e-004		
-5.882e-001	-1.253e-004		
-5.921e-001	-1.324e-004		
-5.961e-001	-1.391e-004		
-6.001e-001	-1.463e-004		
-6.041e-001	-1.522e-004		
-6.081e-001	-1.591e-004		
-6.120e-001	-1.650e-004		
-6.160e-001	-1.701e-004		
-6.199e-001	-1.760e-004		
-6.241e-001	-1.802e-004		
-6.280e-001	-1.852e-004		
-6.320e-001	-1.894e-004		
-6.359e-001	-1.929e-004		
-6.400e-001	-1.971e-004		
-6.439e-001	-1.996e-004		
-6.480e-001	-2.027e-004		
-6.518e-001	-2.049e-004		
-6.560e-001	-2.061e-004		
-6.599e-001	-2.078e-004		
-6.640e-001	-2.077e-004		
-6.678e-001	-2.081e-004		
-6.720e-001	-2.075e-004		
-6.758e-001	-2.059e-004		
-6.799e-001	-2.049e-004		
-6.839e-001	-2.022e-004		
-6.880e-001	-2.002e-004		
-6.918e-001	-1.975e-004		
-6.960e-001	-1.942e-004		
-6.998e-001	-1.923e-004		
-7.039e-001	-1.891e-004		
-7.079e-001	-1.860e-004		
-7.120e-001	-1.826e-004		
-7.159e-001	-1.791e-004		
-7.200e-001	-1.768e-004		
-7.238e-001	-1.731e-004		
-7.280e-001	-1.705e-004		
-7.319e-001	-1.690e-004		
-7.360e-001	-1.692e-004		
-7.399e-001	-1.664e-004		
-7.440e-001	-1.619e-004		
-7.478e-001	-1.591e-004		
-7.520e-001	-1.567e-004		
-7.559e-001	-1.541e-004		
-7.599e-001	-1.522e-004		
-7.639e-001	-1.493e-004		
-7.679e-001	-1.476e-004		
-7.718e-001	-1.461e-004		
-7.760e-001	-1.440e-004		
-7.798e-001	-1.427e-004		
-7.839e-001	-1.401e-004		
-7.879e-001	-1.387e-004		
-7.920e-001	-1.370e-004		
-7.958e-001	-1.350e-004		
-8.000e-001	-1.341e-004		
-8.038e-001	-1.319e-004		
-8.079e-001	-1.311e-004		
-8.119e-001	-1.297e-004		
-8.160e-001	-1.280e-004		
-8.198e-001	-1.273e-004		
-8.239e-001	-1.253e-004		
-8.278e-001	-1.245e-004		
-8.319e-001	-1.234e-004		
-8.358e-001	-1.220e-004		
-8.399e-001	-1.214e-004		
-8.438e-001	-1.197e-004		
-8.479e-001	-1.192e-004		
-8.518e-001	-1.189e-004		
-8.559e-001	-1.202e-004		
-8.598e-001	-1.212e-004		
-8.639e-001	-1.184e-004		
-8.678e-001	-1.169e-004		
-8.719e-001	-1.155e-004		
-8.758e-001	-1.143e-004		
-8.799e-001	-1.137e-004		
-8.838e-001	-1.118e-004		
-8.879e-001	-1.113e-004		
-8.918e-001	-1.104e-004		
-8.959e-001	-1.092e-004		
-8.998e-001	-1.091e-004		
-9.039e-001	-1.077e-004		
-9.078e-001	-1.073e-004		
-9.118e-001	-1.065e-004		
-9.158e-001	-1.055e-004		
-9.198e-001	-1.055e-004		
-9.238e-001	-1.042e-004		
-9.278e-001	-1.039e-004		
-9.318e-001	-1.033e-004		
-9.358e-001	-1.023e-004		
-9.398e-001	-1.028e-004		
-9.438e-001	-1.020e-004		
-9.478e-001	-1.020e-004		
-9.518e-001	-1.013e-004		
-9.558e-001	-1.002e-004		
-9.598e-001	-1.002e-004		
-9.638e-001	-9.954e-005		
-9.678e-001	-9.994e-005		
-9.718e-001	-9.924e-005		
-9.758e-001	-9.807e-005		
-9.797e-001	-9.806e-005		
-9.838e-001	-9.717e-005		
-9.878e-001	-9.741e-005		
-9.918e-001	-9.665e-005		
-9.957e-001	-9.570e-005		
-9.998e-001	-9.619e-005		
-9.958e-001	-9.365e-005		
-9.918e-001	-9.253e-005		
-9.878e-001	-9.123e-005		
-9.839e-001	-9.024e-005		
-9.797e-001	-9.046e-005		
-9.758e-001	-8.879e-005		
-9.718e-001	-8.831e-005		
-9.678e-001	-8.770e-005		
-9.638e-001	-8.688e-005		
-9.598e-001	-8.666e-005		
-9.558e-001	-8.515e-005		
-9.518e-001	-8.503e-005		
-9.478e-001	-8.483e-005		
-9.439e-001	-8.388e-005		
-9.398e-001	-8.382e-005		
-9.358e-001	-8.256e-005		
-9.318e-001	-8.280e-005		
-9.279e-001	-8.253e-005		
-9.238e-001	-8.153e-005		
-9.199e-001	-8.255e-005		
-9.158e-001	-8.440e-005		
-9.119e-001	-8.413e-005		
-9.078e-001	-8.243e-005		
-9.039e-001	-8.083e-005		
-8.998e-001	-8.098e-005		
-8.959e-001	-7.988e-005		
-8.918e-001	-7.959e-005		
-8.879e-001	-7.886e-005		
-8.839e-001	-7.805e-005		
-8.799e-001	-7.844e-005		
-8.758e-001	-7.744e-005		
-8.719e-001	-7.738e-005		
-8.678e-001	-7.689e-005		
-8.639e-001	-7.608e-005		
-8.599e-001	-7.639e-005		
-8.560e-001	-7.529e-005		
-8.518e-001	-7.536e-005		
-8.479e-001	-7.500e-005		
-8.438e-001	-7.437e-005		
-8.399e-001	-7.457e-005		
-8.359e-001	-7.344e-005		
-8.319e-001	-7.360e-005		
-8.278e-001	-7.342e-005		
-8.240e-001	-7.362e-005		
-8.198e-001	-7.589e-005		
-8.160e-001	-7.476e-005		
-8.120e-001	-7.405e-005		
-8.080e-001	-7.307e-005		
-8.039e-001	-7.229e-005		
-8.000e-001	-7.251e-005		
-7.959e-001	-7.125e-005		
-7.921e-001	-7.125e-005		
-7.880e-001	-7.080e-005		
-7.840e-001	-6.990e-005		
-7.799e-001	-7.022e-005		
-7.760e-001	-6.957e-005		
-7.720e-001	-6.949e-005		
-7.680e-001	-6.872e-005		
-7.640e-001	-6.787e-005		
-7.601e-001	-6.836e-005		
-7.560e-001	-6.725e-005		
-7.521e-001	-6.708e-005		
-7.480e-001	-6.642e-005		
-7.441e-001	-6.578e-005		
-7.401e-001	-6.601e-005		
-7.361e-001	-6.465e-005		
-7.321e-001	-6.456e-005		
-7.281e-001	-6.415e-005		
-7.240e-001	-6.314e-005		
-7.201e-001	-6.299e-005		
-7.161e-001	-6.172e-005		
-7.121e-001	-6.188e-005		
-7.081e-001	-6.116e-005		
-7.041e-001	-5.984e-005		
-7.001e-001	-5.956e-005		
-6.961e-001	-5.827e-005		
-6.921e-001	-5.801e-005		
-6.881e-001	-5.724e-005		
-6.841e-001	-5.719e-005		
-6.801e-001	-5.755e-005		
-6.761e-001	-5.542e-005		
-6.722e-001	-5.448e-005		
-6.681e-001	-5.323e-005		
-6.642e-001	-5.195e-005		
-6.602e-001	-5.153e-005		
-6.562e-001	-4.978e-005		
-6.521e-001	-4.923e-005		
-6.482e-001	-4.828e-005		
-6.442e-001	-4.698e-005		
-6.402e-001	-4.662e-005		
-6.362e-001	-4.493e-005		
-6.322e-001	-4.435e-005		
-6.282e-001	-4.317e-005		
-6.242e-001	-4.180e-005		
-6.202e-001	-4.137e-005		
-6.162e-001	-3.947e-005		
-6.123e-001	-3.862e-005		
-6.082e-001	-3.712e-005		
-6.042e-001	-3.526e-005		
-6.003e-001	-3.437e-005		
-5.963e-001	-3.210e-005		
-5.923e-001	-3.087e-005		
-5.883e-001	-2.892e-005		
-5.843e-001	-2.666e-005		
-5.803e-001	-2.538e-005		
-5.763e-001	-2.280e-005		
-5.723e-001	-2.132e-005		
-5.680e-001	-1.891e-005		
-5.640e-001	-1.671e-005		
-5.601e-001	-1.551e-005		
-5.561e-001	-1.310e-005		
-5.521e-001	-1.193e-005		
-5.481e-001	-1.024e-005		
-5.442e-001	-8.410e-006		
-5.401e-001	-7.689e-006		
-5.362e-001	-5.790e-006		
-5.322e-001	-5.139e-006		
-5.282e-001	-4.030e-006		
-5.242e-001	-2.758e-006		
-5.203e-001	-2.596e-006		
-5.162e-001	-1.222e-006		
-5.123e-001	-1.114e-006		
-5.083e-001	-4.743e-007		
-5.043e-001	3.173e-007		
-5.003e-001	5.660e-008		
-4.963e-001	1.041e-006		
-4.923e-001	8.014e-007		
-4.883e-001	1.130e-006		
-4.843e-001	1.606e-006		
-4.803e-001	1.070e-006		
-4.763e-001	1.813e-006		
-4.723e-001	1.393e-006		
-4.683e-001	1.544e-006		
-4.643e-001	1.927e-006		
-4.604e-001	1.347e-006		
-4.563e-001	2.075e-006		
-4.524e-001	1.646e-006		
-4.483e-001	1.840e-006		
-4.444e-001	2.282e-006		
-4.403e-001	1.727e-006		
-4.363e-001	2.500e-006		
-4.324e-001	2.086e-006		
-4.284e-001	2.302e-006		
-4.244e-001	2.753e-006		
-4.204e-001	2.214e-006		
-4.164e-001	2.986e-006		
-4.124e-001	2.589e-006		
-4.084e-001	2.809e-006		
-4.044e-001	3.257e-006		
-4.004e-001	2.716e-006		
-3.964e-001	3.498e-006		
-3.924e-001	3.083e-006		
-3.884e-001	3.295e-006		
-3.844e-001	3.750e-006		
-3.805e-001	3.234e-006		
-3.764e-001	4.013e-006		
-3.724e-001	3.599e-006		
-3.684e-001	3.833e-006		
-3.645e-001	4.283e-006		
-3.604e-001	3.751e-006		
-3.565e-001	4.531e-006		
-3.525e-001	4.108e-006		
-3.485e-001	4.339e-006		
-3.444e-001	4.756e-006		
-3.405e-001	4.235e-006		
-3.364e-001	5.003e-006		
-3.325e-001	4.566e-006		
-3.285e-001	4.790e-006		
-3.245e-001	5.197e-006		
-3.205e-001	4.660e-006		
-3.166e-001	5.434e-006		
-3.125e-001	5.016e-006		
-3.085e-001	5.260e-006		
-3.045e-001	5.681e-006		
-3.005e-001	5.174e-006		
-2.965e-001	5.957e-006		
-2.926e-001	5.541e-006		
-2.885e-001	5.791e-006		
-2.846e-001	6.232e-006		
-2.805e-001	5.744e-006		
-2.766e-001	6.542e-006		
-2.725e-001	6.136e-006		
-2.686e-001	6.432e-006		
-2.645e-001	6.891e-006		
-2.606e-001	6.426e-006		
-2.565e-001	7.256e-006		
-2.526e-001	6.885e-006		
-2.485e-001	7.214e-006		
-2.446e-001	7.706e-006		
-2.405e-001	7.279e-006		
-2.366e-001	8.156e-006		
-2.325e-001	7.833e-006		
-2.287e-001	8.215e-006		
-2.246e-001	8.758e-006		
-2.206e-001	8.395e-006		
-2.165e-001	9.347e-006		
-2.127e-001	9.088e-006		
-2.086e-001	9.538e-006		
-2.047e-001	1.016e-005		
-2.006e-001	9.885e-006		
-1.967e-001	1.091e-005		
-1.927e-001	1.074e-005		
-1.887e-001	1.130e-005		
-1.846e-001	1.202e-005		
-1.807e-001	1.185e-005		
-1.767e-001	1.299e-005		
-1.728e-001	1.297e-005		
-1.687e-001	1.368e-005		
-1.648e-001	1.455e-005		
-1.607e-001	1.453e-005		
-1.568e-001	1.586e-005		
-1.528e-001	1.600e-005		
-1.488e-001	1.691e-005		
-1.448e-001	1.797e-005		
-1.408e-001	1.820e-005		
-1.368e-001	1.977e-005		
-1.329e-001	2.016e-005		
-1.289e-001	2.134e-005		
-1.249e-001	2.269e-005		
-1.209e-001	2.321e-005		
-1.170e-001	2.511e-005		
-1.130e-001	2.585e-005		
-1.087e-001	2.758e-005		
-1.046e-001	2.930e-005		
-1.008e-001	3.024e-005		
-9.671e-002	3.257e-005		
-9.277e-002	3.378e-005		
-8.863e-002	3.583e-005		
-8.478e-002	3.815e-005		
-8.066e-002	3.969e-005		
-7.677e-002	4.260e-005		
-7.274e-002	4.443e-005		
-6.879e-002	4.713e-005		
-6.478e-002	5.002e-005		
-6.083e-002	5.219e-005		
-5.672e-002	5.575e-005		
-5.281e-002	5.824e-005		
-4.882e-002	6.157e-005		
-4.484e-002	6.508e-005		
-4.084e-002	6.772e-005		
-3.691e-002	7.179e-005		
-3.280e-002	7.476e-005		
-2.886e-002	7.851e-005		
-2.490e-002	8.228e-005		
-2.091e-002	8.516e-005		
-1.689e-002	8.926e-005		
-1.289e-002	9.206e-005		
-8.860e-003	9.544e-005		
-4.932e-003	9.864e-005		
-8.890e-004	1.009e-004		
3.058e-003	1.040e-004		
7.065e-003	1.056e-004		
1.106e-002	1.076e-004		
1.514e-002	1.091e-004		
1.904e-002	1.094e-004		
2.306e-002	1.106e-004		
2.703e-002	1.100e-004		
3.104e-002	1.099e-004		
3.504e-002	1.094e-004		
3.912e-002	1.076e-004		
4.300e-002	1.068e-004		
4.703e-002	1.046e-004		
5.103e-002	1.030e-004		
5.503e-002	1.013e-004		
5.903e-002	9.859e-005		
6.303e-002	9.716e-005		
6.700e-002	9.451e-005		
7.103e-002	9.275e-005		
7.503e-002	9.106e-005		
7.901e-002	8.841e-005		
8.301e-002	8.710e-005		
8.701e-002	8.485e-005		
9.098e-002	8.327e-005		
9.502e-002	8.173e-005		
9.901e-002	7.955e-005		
1.030e-001	7.908e-005		
1.070e-001	7.660e-005		
1.110e-001	7.515e-005		
1.150e-001	7.396e-005		
1.190e-001	7.211e-005		
1.230e-001	7.135e-005		
1.270e-001	6.932e-005		
1.310e-001	6.824e-005		
1.350e-001	6.718e-005		
1.390e-001	6.553e-005		
1.430e-001	6.505e-005		
1.470e-001	6.340e-005		
1.510e-001	6.269e-005		
1.550e-001	6.206e-005		
1.590e-001	6.057e-005		
1.630e-001	6.016e-005		
1.670e-001	5.862e-005		
1.710e-001	5.805e-005		
1.750e-001	5.738e-005		
1.790e-001	5.607e-005		
1.830e-001	5.594e-005		
1.870e-001	5.458e-005		
1.910e-001	5.414e-005		
1.950e-001	5.360e-005		
1.990e-001	5.241e-005		
2.030e-001	5.243e-005		
2.069e-001	5.125e-005		
2.110e-001	5.089e-005		
2.150e-001	5.047e-005		
2.189e-001	4.939e-005		
2.229e-001	4.951e-005		
2.269e-001	4.838e-005		
2.309e-001	4.813e-005		
2.349e-001	4.784e-005		
2.389e-001	4.680e-005		
2.429e-001	4.698e-005		
2.469e-001	4.626e-005		
2.509e-001	4.610e-005		
2.549e-001	4.570e-005		
2.589e-001	4.461e-005		
2.629e-001	4.481e-005		
2.669e-001	4.369e-005		
2.709e-001	4.356e-005		
2.749e-001	4.337e-005		
2.789e-001	4.249e-005		
2.829e-001	4.274e-005		
2.869e-001	4.168e-005		
2.909e-001	4.154e-005		
2.949e-001	4.131e-005		
2.989e-001	4.043e-005		
3.029e-001	4.085e-005		
3.069e-001	4.003e-005		
3.109e-001	3.982e-005		
3.149e-001	3.961e-005		
3.189e-001	3.873e-005		
3.229e-001	3.903e-005		
3.269e-001	3.809e-005		
3.309e-001	3.803e-005		
3.349e-001	3.783e-005		
3.389e-001	3.701e-005		
3.429e-001	3.734e-005		
3.469e-001	3.642e-005		
3.509e-001	3.641e-005		
3.549e-001	3.624e-005		
3.588e-001	3.547e-005		
3.628e-001	3.581e-005		
3.668e-001	3.492e-005		
3.708e-001	3.494e-005		
3.748e-001	3.480e-005		
3.789e-001	3.407e-005		
3.829e-001	3.447e-005		
3.868e-001	3.358e-005		
3.908e-001	3.363e-005		
3.948e-001	3.378e-005		
3.988e-001	3.341e-005		
4.028e-001	3.351e-005		
4.068e-001	3.257e-005		
4.108e-001	3.247e-005		
4.148e-001	3.232e-005		
4.188e-001	3.161e-005		
4.228e-001	3.198e-005		
4.268e-001	3.111e-005		
4.308e-001	3.115e-005		
4.348e-001	3.103e-005		
4.388e-001	3.031e-005		
4.428e-001	3.071e-005		
4.468e-001	2.985e-005		
4.508e-001	2.992e-005		
4.548e-001	2.976e-005		
4.588e-001	2.905e-005		
4.627e-001	2.946e-005		
4.668e-001	2.859e-005		
4.708e-001	2.863e-005		
4.747e-001	2.854e-005		
4.788e-001	2.787e-005		
4.828e-001	2.828e-005		
4.867e-001	2.739e-005		
4.907e-001	2.743e-005		
4.947e-001	2.727e-005		
4.988e-001	2.658e-005		
			
